majority_accuracy_not_abstained = 0.8346354166666666
n_labeling_functions = 158
coverage = 0.9482029598308668
label_model_accuracy = 0.703
label_model_auc = 0.777
label_model_f1 = 0.62
label_model_f1_macro = 0.688
label_model_mse = 0.191
