majority_accuracy_not_abstained = 0.8795749704840614
n_labeling_functions = 158
coverage = 0.9040307101727447
label_model_accuracy = 0.681
label_model_auc = 0.7
label_model_f1 = 0.441
label_model_f1_macro = 0.609
label_model_mse = 0.215
