majority_accuracy_not_abstained = 0.8494208494208494
n_labeling_functions = 134
coverage = 0.8636363636363636
label_model_accuracy = 0.733
label_model_auc = 0.788
label_model_f1 = 0.647
label_model_f1_macro = 0.716
label_model_mse = 0.178
