majority_accuracy_not_abstained = 0.8361955085865258
n_labeling_functions = 158
coverage = 0.9473684210526315
label_model_accuracy = 0.614
label_model_auc = 0.677
label_model_f1 = 0.593
label_model_mse = 0.241
