majority_accuracy_not_abstained = 0.906030855539972
n_labeling_functions = 155
coverage = 0.861522198731501
label_model_accuracy = 0.821
label_model_auc = 0.912
label_model_f1 = 0.8
label_model_f1_macro = 0.819
label_model_mse = 0.131
