majority_accuracy_not_abstained = 0.7613028682547399
n_labeling_functions = 147
coverage = 0.934512242518461
label_model_accuracy = 0.693
label_model_auc = 0.737
label_model_f1 = 0.612
label_model_f1_macro = 0.679
label_model_mse = 0.222
