majority_accuracy_not_abstained = 0.7210884353741497
n_labeling_functions = 9
coverage = 0.41761363636363635
label_model_accuracy = 0.565
label_model_auc = 0.794
label_model_f1 = 0.617
label_model_f1_macro = 0.557
label_model_mse = 0.24
