majority_accuracy_not_abstained = 0.8795749704840614
n_labeling_functions = 158
coverage = 0.9040307101727447
label_model_accuracy = 0.816
label_model_auc = 0.748
label_model_f1 = 0.52
label_model_f1_macro = 0.703
label_model_mse = 0.146
