majority_accuracy_not_abstained = 0.878345498783455
n_labeling_functions = 147
coverage = 0.8809980806142035
label_model_accuracy = 0.669
label_model_auc = 0.741
label_model_f1 = 0.463
label_model_f1_macro = 0.612
label_model_mse = 0.195
