majority_accuracy_not_abstained = 0.8494208494208494
n_labeling_functions = 134
coverage = 0.8636363636363636
label_model_accuracy = 0.71
label_model_auc = 0.878
label_model_f1 = 0.712
label_model_f1_macro = 0.71
label_model_mse = 0.206
