majority_accuracy_not_abstained = 0.7573948439620082
n_labeling_functions = 145
coverage = 0.8031480761756704
label_model_accuracy = 0.695
label_model_auc = 0.737
label_model_f1 = 0.609
label_model_f1_macro = 0.68
label_model_mse = 0.208
