majority_accuracy_not_abstained = 0.8494208494208494
n_labeling_functions = 134
coverage = 0.8636363636363636
label_model_accuracy = 0.756
label_model_auc = 0.859
label_model_f1 = 0.73
label_model_f1_macro = 0.753
label_model_mse = 0.166
