majority_accuracy_not_abstained = 0.8821917808219178
n_labeling_functions = 145
coverage = 0.7735124760076776
label_model_accuracy = 0.767
label_model_auc = 0.8
label_model_f1 = 0.559
label_model_f1_macro = 0.7
label_model_mse = 0.154
