majority_accuracy_not_abstained = 0.7901234567901234
n_labeling_functions = 9
coverage = 0.34801288936627284
label_model_accuracy = 0.586
label_model_auc = 0.76
label_model_f1 = 0.629
label_model_f1_macro = 0.581
label_model_mse = 0.228
