majority_accuracy_not_abstained = 0.7874251497005988
n_labeling_functions = 9
coverage = 0.35306553911205074
label_model_accuracy = 0.587
label_model_auc = 0.761
label_model_f1 = 0.63
label_model_f1_macro = 0.581
label_model_mse = 0.228
