majority_accuracy_not_abstained = 0.8002645502645502
n_labeling_functions = 291
coverage = 0.9920273348519362
label_model_accuracy = 0.618
label_model_auc = 0.697
label_model_f1 = 0.603
label_model_f1_macro = 0.618
label_model_mse = 0.274
