majority_accuracy_not_abstained = 0.8015267175572519
n_labeling_functions = 13
coverage = 0.7676537585421412
label_model_accuracy = 0.556
label_model_auc = 0.562
label_model_f1 = 0.461
label_model_f1_macro = 0.542
label_model_mse = 0.247
