majority_accuracy_not_abstained = 0.8566176470588235
n_labeling_functions = 145
coverage = 0.8948863636363636
label_model_accuracy = 0.767
label_model_auc = 0.85
label_model_f1 = 0.717
label_model_f1_macro = 0.76
label_model_mse = 0.151
