majority_accuracy_not_abstained = 0.8346354166666666
n_labeling_functions = 158
coverage = 0.9482029598308668
label_model_accuracy = 0.792
label_model_auc = 0.822
label_model_f1 = 0.731
label_model_f1_macro = 0.781
label_model_mse = 0.17
