majority_accuracy_not_abstained = 0.8361955085865258
n_labeling_functions = 158
coverage = 0.9473684210526315
label_model_accuracy = 0.783
label_model_auc = 0.82
label_model_f1 = 0.717
label_model_f1_macro = 0.771
label_model_mse = 0.171
