majority_accuracy_not_abstained = 0.836173001310616
n_labeling_functions = 147
coverage = 0.9429175475687104
label_model_accuracy = 0.687
label_model_auc = 0.735
label_model_f1 = 0.653
label_model_f1_macro = 0.684
label_model_mse = 0.218
