majority_accuracy_not_abstained = 0.7957317073170732
n_labeling_functions = 134
coverage = 0.8143507972665148
label_model_accuracy = 0.71
label_model_auc = 0.768
label_model_f1 = 0.645
label_model_f1_macro = 0.7
label_model_mse = 0.21
