majority_accuracy_not_abstained = 0.8082595870206489
n_labeling_functions = 145
coverage = 0.8473804100227791
label_model_accuracy = 0.723
label_model_auc = 0.803
label_model_f1 = 0.656
label_model_f1_macro = 0.712
label_model_mse = 0.177
