majority_accuracy_not_abstained = 0.7573948439620082
n_labeling_functions = 145
coverage = 0.8031480761756704
label_model_accuracy = 0.69
label_model_auc = 0.748
label_model_f1 = 0.628
label_model_mse = 0.22
