majority_accuracy_not_abstained = 0.663013698630137
n_labeling_functions = 9
coverage = 0.4157175398633257
label_model_accuracy = 0.557
label_model_auc = 0.75
label_model_f1 = 0.599
label_model_f1_macro = 0.552
label_model_mse = 0.271
