majority_accuracy_not_abstained = 0.7958387516254877
n_labeling_functions = 158
coverage = 0.9931662870159453
label_model_accuracy = 0.65
label_model_auc = 0.741
label_model_f1 = 0.264
label_model_f1_macro = 0.517
label_model_mse = 0.246
