majority_accuracy_not_abstained = 0.8191489361702128
n_labeling_functions = 13
coverage = 0.7244318181818182
label_model_accuracy = 0.523
label_model_auc = 0.547
label_model_f1 = 0.451
label_model_f1_macro = 0.514
label_model_mse = 0.25
