majority_accuracy_not_abstained = 0.9482758620689655
n_labeling_functions = 13
coverage = 0.4282938204430626
label_model_accuracy = 0.681
label_model_auc = 0.758
label_model_f1 = 0.148
label_model_f1_macro = 0.476
label_model_mse = 0.223
