majority_accuracy_not_abstained = 0.9586573884568154
n_labeling_functions = 134
coverage = 0.47473766031869413
label_model_accuracy = 0.711
label_model_auc = 0.791
label_model_f1 = 0.161
label_model_f1_macro = 0.494
label_model_mse = 0.155
