majority_accuracy_not_abstained = 0.7957317073170732
n_labeling_functions = 278
coverage = 0.8143507972665148
label_model_accuracy = 0.605
label_model_auc = 0.781
label_model_f1 = 0.626
label_model_f1_macro = 0.604
label_model_mse = 0.263
