majority_accuracy_not_abstained = 0.8082595870206489
n_labeling_functions = 300
coverage = 0.8473804100227791
label_model_accuracy = 0.718
label_model_auc = 0.824
label_model_f1 = 0.68
label_model_f1_macro = 0.714
label_model_mse = 0.196
