majority_accuracy_not_abstained = 0.906030855539972
n_labeling_functions = 300
coverage = 0.861522198731501
label_model_accuracy = 0.82
label_model_auc = 0.911
label_model_f1 = 0.798
label_model_f1_macro = 0.818
label_model_mse = 0.131
