majority_accuracy_not_abstained = 0.9065155807365439
n_labeling_functions = 278
coverage = 0.8520084566596194
label_model_accuracy = 0.616
label_model_auc = 0.804
label_model_f1 = 0.667
label_model_f1_macro = 0.607
label_model_mse = 0.241
