majority_accuracy_not_abstained = 0.9057142857142857
n_labeling_functions = 300
coverage = 0.8592910848549946
label_model_accuracy = 0.825
label_model_auc = 0.911
label_model_f1 = 0.801
label_model_mse = 0.131
