majority_accuracy_not_abstained = 0.763302160593357
n_labeling_functions = 158
coverage = 0.9370774830993239
label_model_accuracy = 0.549
label_model_auc = 0.586
label_model_f1 = 0.498
label_model_mse = 0.297
