majority_accuracy_not_abstained = 0.7544395116537181
n_labeling_functions = 134
coverage = 0.7866303925378935
label_model_accuracy = 0.667
label_model_auc = 0.723
label_model_f1 = 0.601
label_model_f1_macro = 0.657
label_model_mse = 0.239
