majority_accuracy_not_abstained = 0.9057142857142857
n_labeling_functions = 145
coverage = 0.8592910848549946
label_model_accuracy = 0.824
label_model_auc = 0.9
label_model_f1 = 0.79
label_model_f1_macro = 0.819
label_model_mse = 0.131
