majority_accuracy_not_abstained = 0.8821917808219178
n_labeling_functions = 300
coverage = 0.7735124760076776
label_model_accuracy = 0.783
label_model_auc = 0.871
label_model_f1 = 0.62
label_model_f1_macro = 0.734
label_model_mse = 0.155
