majority_accuracy_not_abstained = 0.836173001310616
n_labeling_functions = 291
coverage = 0.9429175475687104
label_model_accuracy = 0.5
label_model_auc = 0.694
label_model_f1 = 0.604
label_model_f1_macro = 0.463
label_model_mse = 0.321
