majority_accuracy_not_abstained = 0.8361955085865258
n_labeling_functions = 313
coverage = 0.9473684210526315
label_model_accuracy = 0.64
label_model_auc = 0.741
label_model_f1 = 0.658
label_model_mse = 0.238
