majority_accuracy_not_abstained = 0.7613028682547399
n_labeling_functions = 147
coverage = 0.934512242518461
label_model_accuracy = 0.595
label_model_auc = 0.618
label_model_f1 = 0.407
label_model_f1_macro = 0.55
label_model_mse = 0.26
