majority_accuracy_not_abstained = 0.7632722007722008
n_labeling_functions = 158
coverage = 0.9395647104547221
label_model_accuracy = 0.603
label_model_auc = 0.635
label_model_f1 = 0.513
label_model_f1_macro = 0.589
label_model_mse = 0.252
