majority_accuracy_not_abstained = 0.8002645502645502
n_labeling_functions = 147
coverage = 0.9920273348519362
label_model_accuracy = 0.527
label_model_auc = 0.618
label_model_f1 = 0.558
label_model_f1_macro = 0.525
label_model_mse = 0.408
