majority_accuracy_not_abstained = 0.763302160593357
n_labeling_functions = 158
coverage = 0.9370774830993239
label_model_accuracy = 0.515
label_model_auc = 0.559
label_model_f1 = 0.505
label_model_mse = 0.341
