majority_accuracy_not_abstained = 0.9057142857142857
n_labeling_functions = 145
coverage = 0.8592910848549946
label_model_accuracy = 0.814
label_model_auc = 0.876
label_model_f1 = 0.762
label_model_f1_macro = 0.805
label_model_mse = 0.143
