majority_accuracy_not_abstained = 0.906030855539972
n_labeling_functions = 145
coverage = 0.861522198731501
label_model_accuracy = 0.81
label_model_auc = 0.876
label_model_f1 = 0.759
label_model_f1_macro = 0.801
label_model_mse = 0.142
