majority_accuracy_not_abstained = 0.8346354166666666
n_labeling_functions = 158
coverage = 0.9482029598308668
label_model_accuracy = 0.778
label_model_auc = 0.853
label_model_f1 = 0.688
label_model_f1_macro = 0.758
label_model_mse = 0.164
