majority_accuracy_not_abstained = 0.836173001310616
n_labeling_functions = 147
coverage = 0.9429175475687104
label_model_accuracy = 0.793
label_model_auc = 0.826
label_model_f1 = 0.743
label_model_f1_macro = 0.785
label_model_mse = 0.167
