majority_accuracy_not_abstained = 0.7573948439620082
n_labeling_functions = 145
coverage = 0.8031480761756704
label_model_accuracy = 0.668
label_model_auc = 0.726
label_model_f1 = 0.615
label_model_f1_macro = 0.662
label_model_mse = 0.245
