majority_accuracy_not_abstained = 0.8795749704840614
n_labeling_functions = 313
coverage = 0.9040307101727447
label_model_accuracy = 0.712
label_model_auc = 0.768
label_model_f1 = 0.518
label_model_f1_macro = 0.656
label_model_mse = 0.193
