majority_accuracy_not_abstained = 0.878345498783455
n_labeling_functions = 291
coverage = 0.8809980806142035
label_model_accuracy = 0.597
label_model_auc = 0.782
label_model_f1 = 0.47
label_model_f1_macro = 0.572
label_model_mse = 0.266
