majority_accuracy_not_abstained = 0.7573948439620082
n_labeling_functions = 145
coverage = 0.8031480761756704
label_model_accuracy = 0.685
label_model_auc = 0.733
label_model_f1 = 0.617
label_model_f1_macro = 0.675
label_model_mse = 0.224
