majority_accuracy_not_abstained = 0.8795749704840614
n_labeling_functions = 158
coverage = 0.9040307101727447
label_model_accuracy = 0.717
label_model_auc = 0.704
label_model_f1 = 0.453
label_model_mse = 0.192
