majority_accuracy_not_abstained = 0.763183125599233
n_labeling_functions = 313
coverage = 0.946923076923077
label_model_accuracy = 0.538
label_model_auc = 0.628
label_model_f1 = 0.538
label_model_mse = 0.302
