majority_accuracy_not_abstained = 0.664244741873805
n_labeling_functions = 13
coverage = 0.6177613680528566
label_model_accuracy = 0.47
label_model_auc = 0.462
label_model_f1 = 0.376
label_model_f1_macro = 0.458
label_model_mse = 0.256
