majority_accuracy_not_abstained = 0.7613028682547399
n_labeling_functions = 291
coverage = 0.934512242518461
label_model_accuracy = 0.445
label_model_auc = 0.611
label_model_f1 = 0.511
label_model_f1_macro = 0.434
label_model_mse = 0.382
