majority_accuracy_not_abstained = 0.7632722007722008
n_labeling_functions = 313
coverage = 0.9395647104547221
label_model_accuracy = 0.528
label_model_auc = 0.622
label_model_f1 = 0.522
label_model_f1_macro = 0.528
label_model_mse = 0.309
