majority_accuracy_not_abstained = 0.9065155807365439
n_labeling_functions = 134
coverage = 0.8520084566596194
label_model_accuracy = 0.767
label_model_auc = 0.874
label_model_f1 = 0.758
label_model_f1_macro = 0.767
label_model_mse = 0.163
