majority_accuracy_not_abstained = 0.99257965953732
n_labeling_functions = 137
coverage = 0.44520015546055186
label_model_accuracy = 0.716
label_model_auc = 0.698
label_model_f1 = 0.114
label_model_f1_macro = 0.473
label_model_mse = 0.149
