majority_accuracy_not_abstained = 0.9924712134632419
n_labeling_functions = 126
coverage = 0.43878740769529734
label_model_accuracy = 0.71
label_model_auc = 0.691
label_model_f1 = 0.112
label_model_f1_macro = 0.47
label_model_mse = 0.153
