majority_accuracy_not_abstained = 0.8082595870206489
n_labeling_functions = 145
coverage = 0.8473804100227791
label_model_accuracy = 0.732
label_model_auc = 0.807
label_model_f1 = 0.683
label_model_f1_macro = 0.726
label_model_mse = 0.195
