majority_accuracy_not_abstained = 0.8361955085865258
n_labeling_functions = 158
coverage = 0.9473684210526315
label_model_accuracy = 0.599
label_model_auc = 0.656
label_model_f1 = 0.609
label_model_mse = 0.269
