majority_accuracy_not_abstained = 0.836173001310616
n_labeling_functions = 147
coverage = 0.9429175475687104
label_model_accuracy = 0.449
label_model_auc = 0.455
label_model_f1 = 0.54
label_model_f1_macro = 0.427
label_model_mse = 0.406
