majority_accuracy_not_abstained = 0.7573948439620082
n_labeling_functions = 155
coverage = 0.8031480761756704
label_model_accuracy = 0.68
label_model_auc = 0.746
label_model_f1 = 0.626
label_model_f1_macro = 0.673
label_model_mse = 0.233
