majority_accuracy_not_abstained = 0.8494208494208494
n_labeling_functions = 278
coverage = 0.8636363636363636
label_model_accuracy = 0.599
label_model_auc = 0.85
label_model_f1 = 0.65
label_model_f1_macro = 0.591
label_model_mse = 0.256
