majority_accuracy_not_abstained = 0.7709251101321586
n_labeling_functions = 300
coverage = 0.7907692307692308
label_model_accuracy = 0.688
label_model_auc = 0.759
label_model_f1 = 0.638
label_model_mse = 0.219
