majority_accuracy_not_abstained = 0.7529708318329132
n_labeling_functions = 300
coverage = 0.8073322932917316
label_model_accuracy = 0.683
label_model_auc = 0.744
label_model_f1 = 0.623
label_model_mse = 0.233
