majority_accuracy_not_abstained = 0.8002645502645502
n_labeling_functions = 147
coverage = 0.9920273348519362
label_model_accuracy = 0.469
label_model_auc = 0.424
label_model_f1 = 0.251
label_model_f1_macro = 0.42
label_model_mse = 0.472
