majority_accuracy_not_abstained = 0.763183125599233
n_labeling_functions = 158
coverage = 0.946923076923077
label_model_accuracy = 0.551
label_model_auc = 0.584
label_model_f1 = 0.508
label_model_f1_macro = 0.547
label_model_mse = 0.294
