majority_accuracy_not_abstained = 0.55257586450247
n_labeling_functions = 9
coverage = 0.275359502526234
label_model_accuracy = 0.515
label_model_auc = 0.611
label_model_f1 = 0.518
label_model_f1_macro = 0.515
label_model_mse = 0.287
