majority_accuracy_not_abstained = 0.906030855539972
n_labeling_functions = 145
coverage = 0.861522198731501
label_model_accuracy = 0.828
label_model_auc = 0.902
label_model_f1 = 0.792
label_model_f1_macro = 0.822
label_model_mse = 0.127
